179 325 646 983 912 423 834 428 215 673 147 171 798 606 187 907 474 427 722 255
59 193 786 105 741 837 378 794 346 197 196 198 633 616 591 428 770 67 486 153
732 90 962 767 393 739 134 146 362 857 302 175 190 197 169 332 892 80 876 326
629 378 303 531 363 694 672 430 671 871 181 262 466 753 874 489 849 913 52 889
876 830 306 652 661 705 224 358 310 759 695 885 669 481 908 454 324 482 841 310
115 698 296 779 517 486 409 447 130 602 603 355 408 722 571 370 104 489 599 10
882 23 214 947 741 587 114 860 826 311 430 75 665 459 404 521 679 504 29 228
740 796 668 685 211 410 488 432 212 271 428 365 926 375 154 493 864 261 773 672
569 204 970 171 656 334 486 166 293 471 969 926 771 830 689 124 686 225 938 658
638 882 972 797 789 292 493 348 73 71 217 484 525 357 734 25 360 315 754 150
165 286 630 462 365 692 81 562 435 901 494 760 849 468 925 49 294 749 688 85
719 675 579 718 780 517 823 995 175 913 937 117 340 935 893 806 416 341 792 396
133 510 855 681 370 512 8 831 855 659 823 22 670 409 20 227 280 664 393 936
155 259 934 444 522 910 20 726 589 871 707 72 808 744 363 546 238 722 100 8
460 324 282 870 466 817 551 273 107 975 204 977 571 730 540 501 756 592 821 724
780 45 99 938 691 700 408 489 909 317 323 541 632 953 219 215 544 757 466 248
634 955 105 487 734 713 406 556 526 367 519 316 743 443 309 389 92 704 898 875
237 273 285 988 524 743 838 242 23 665 166 428 356 86 762 877 436 394 873 269
738 18 572 247 85 435 151 482 77 202 112 164 460 469 96 55 658 477 203 587
120 566 360 575 24 772 288 902 986 383 893 457 762 368 745 536 384 6 677 455
931 731 101 550 896 806 310 43 520 855 264 750 486 521 121 413 75 826 160 547
409 244 828 170 733 939 779 800 503 258 146 377 515 745 460 272 716 129 926 489
528 263 384 498 844 111 516 213 700 690 117 279 521 535 724 89 180 758 473 576
284 811 697 441 426 592 428 541 236 841 11 300 815 817 775 634 373 791 882 241
51 826 757 207 675 706 355 190 105 732 792 548 444 385 873 227 48 407 326 13
799 970 333 513 933 61 434 164 849 935 38 87 19 441 270 523 40 1000 506 83
356 686 692 648 880 848 449 875 967 344 875 920 775 39 253 908 469 345 15 181
780 327 71 95 527 296 148 577 489 192 625 453 250 240 252 841 638 360 714 574
956 922 55 457 845 278 514 399 463 856 106 972 364 35 349 572 263 622 946 161
609 394 795 359 391 704 431 280 347 458 219 927 71 593 67 996 905 850 50 187
454 77 812 617 653 491 237 731 85 784 9 729 990 453 87 429 637 186 763 138
31 911 544 60 727 254 933 78 761 601 689 776 620 321 652 508 435 637 878 290
304 960 65 441 29 888 977 571 294 955 421 707 769 460 183 95 795 525 743 140
551 659 918 641 27 906 887 143 536 986 523 982 598 688 474 599 79 19 170 404
665 296 555 568 461 775 880 774 808 815 109 27 493 76 105 841 303 434 968 269
85 301 221 339 625 365 940 794 161 960 950 898 533 408 957 429 534 927 88 986
702 672 628 604 98 560 563 829 221 609 971 873 290 679 667 523 608 285 177 315
32 115 670 831 768 136 977 277 258 505 533 539 423 551 857 664 819 172 762 540
455 685 483 238 823 855 49 333 890 613 35 94 618 29 469 50 429 446 584 572
712 108 220 662 934 770 455 19 816 621 330 969 535 719 391 937 333 159 547 808
297 515 875 407 469 168 820 976 595 686 846 745 412 533 489 365 999 402 986 570
201 629 900 623 18 877 394 814 7 297 451 886 244 792 39 669 123 615 63 265
531 250 615 32 114 161 757 873 411 998 464 411 249 197 121 674 758 925 974 478
466 913 792 412 619 757 652 869 956 532 340 539 69 151 952 383 194 705 792 400
576 272 311 365 561 166 149 839 321 49 907 237 892 220 354 352 131 923 300 724
608 828 693 441 585 183 998 864 773 944 848 822 556 673 4 593 184 704 245 192
943 540 479 950 819 78 485 204 895 661 867 320 185 382 105 679 505 197 335 936
877 642 725 276 697 961 316 393 78 256 994 384 82 304 786 271 270 48 587 749
30 387 652 126 997 150 575 221 61 906 741 460 346 785 195 115 441 757 343 141
629 349 198 47 189 539 234 695 917 40 362 853 961 450 178 938 522 85 52 59
393 691 949 448 618 457 565 489 712 79 56 539 326 899 310 583 105 98 546 837
70 564 3 868 752 400 177 605 42 648 93 232 2 244 159 720 245 266 924 602
95 148 971 325 294 801 182 852 893 486 118 960 154 581 978 349 33 822 709 985
482 289 160 979 277 547 51 715 297 657 359 52 111 396 819 638 900 398 752 439
387 189 958 523 417 565 40 970 393 625 571 276 396 854 134 684 957 90 841 931
509 352 224 586 296 645 177 429 895 705 654 94 927 496 457 827 680 465 76 604
824 498 442 532 516 676 843 226 512 709 81 886 273 636 806 969 709 258 914 192
238 290 95 176 7 248 925 476 210 421 630 981 923 75 444 780 852 262 167 149
12 331 487 478 223 431 704 623 931 281 527 55 75 94 37 653 266 59 318 872
939 237 176 42 395 237 177 299 206 529 754 163 541 222 345 763 692 390 194 974
444 899 564 368 82 68 487 549 191 586 251 903 372 247 672 495 327 416 334 963
284 234 158 403 559 745 432 310 641 291 198 175 52 670 498 1000 384 546 797 952
428 964 954 617 986 225 735 221 645 376 70 450 738 541 752 507 757 672 897 309
999 190 919 947 711 232 355 554 532 657 228 729 300 293 224 116 277 860 100 294
867 902 523 810 41 507 50 616 16 312 103 676 479 688 163 887 694 685 287 66
333 490 285 115 557 767 882 620 373 537 540 101 721 59 76 948 776 965 271 699
943 994 334 871 519 107 928 34 282 764 575 311 936 548 485 292 659 468 421 891
474 43 642 522 422 855 53 658 516 841 786 626 282 694 564 812 515 557 949 193
986 586 489 711 5 232 116 157 795 550 932 174 418 407 425 69 656 500 584 779
320 973 112 758 977 10 908 451 14 816 686 229 399 3 709 493 851 964 559 853
459 299 172 790 391 329 88 979 549 659 251 96 594 712 158 543 96 969 10 971
621 674 985 252 720 747 770 408 863 394 805 88 730 271 150 260 201 365 621 325
536 435 430 844 20 81 550 815 66 591 473 239 559 803 679 556 126 961 981 701
551 123 988 272 665 841 48 587 907 314 754 26 206 436 765 505 495 463 387 530
179 623 797 105 14 698 431 455 670 970 425 912 327 542 464 994 659 409 419 443
30 529 106 644 421 77 492 355 343 91 961 61 645 593 263 155 403 820 10 428
679 237 489 354 689 227 480 244 460 266 931 881 76 564 660 400 69 607 562 652
787 603 565 233 945 970 894 170 712 663 539 910 73 1 867 805 568 261 180 713
206 273 83 763 502 382 879 913 899 262 501 625 304 295 79 554 144 707 650 112
206 772 208 804 536 981 588 155 789 707 880 54 742 334 656 650 191 334 103 284
13 968 514 804 700 517 407 867 109 884 529 997 939 815 825 570 85 598 261 566
370 311 253 617 340 167 128 708 779 385 600 196 185 478 930 936 204 131 763 881
551 789 240 712 467 122 880 103 100 164 47 909 973 779 638 682 445 855 958 612
588 103 270 746 179 932 83 415 882 387 758 398 151 4 471 506 307 104 556 89
98 506 893 305 188 574 33 432 624 917 46 558 734 236 188 893 813 665 50 687
50 190 341 84 635 583 558 198 802 205 192 458 310 661 472 210 87 877 174 791
246 307 142 910 335 405 141 627 159 868 752 113 582 952 331 982 499 181 521 101
625 13 26 30 548 234 924 197 235 539 270 870 433 219 334 447 65 773 277 121
107 694 799 934 621 760 584 107 981 141 44 935 272 578 264 464 231 461 662 483
247 383 704 976 256 952 568 269 181 233 69 449 577 131 79 800 361 215 69 178
10 214 793 36 253 875 388 50 425 609 283 912 848 441 884 377 318 595 34 227
537 665 167 679 674 548 428 465 776 574 489 867 337 696 360 256 978 631 637 800
552 749 249 335 641 169 745 235 551 997 73 171 877 161 872 173 817 793 41 465
310 977 579 65 464 579 316 531 336 77 486 775 179 46 74 401 708 215 57 154
774 681 400 727 301 772 722 557 867 59 110 398 943 789 135 953 841 368 869 26
573 353 696 872 223 624 696 984 685 942 126 423 75 850 882 919 379 662 262 187
976 457 627 309 995 167 640 463 428 892 137 609 684 756 866 185 325 521 756 961
264 136 361 211 777 739 890 570 697 870 516 953 679 605 794 745 470 267 956 702
175 195 458 239 338 805 429 714 244 697 849 109 640 486 450 63 943 230 351 105
961 932 266 461 55 32 585 812 47 974 851 294 905 846 284 627 422 558 758 738
